<!-- Written with Janus VR.  URL: https://simsora13.github.io/janusvr/room/Illusions-rave.html -->
<html>
<head>
<title></title>
</head>
<body>
<FireBoxRoom>
<Assets>
<AssetObject id="https://kool.website/lowpoly/trees/naturePack_138.obj" src="https://kool.website/lowpoly/trees/naturePack_138.obj" mtl="https://kool.website/lowpoly/trees/naturePack_138.mtl" />
<AssetObject id="https://kool.website/lowpoly/fence/naturePack_047.obj" src="https://kool.website/lowpoly/fence/naturePack_047.obj" mtl="https://kool.website/lowpoly/fence/naturePack_047.mtl" />
<AssetObject id="https://kool.website/nsl/obj/09/nsl_couch.obj" src="https://kool.website/nsl/obj/09/nsl_couch.obj" mtl="https://kool.website/nsl/obj/09/nsl_couch.mtl" />
<AssetObject id="https://kool.website/worldfair/obj/23/_23.obj" src="https://kool.website/worldfair/obj/23/_23.obj" mtl="https://kool.website/worldfair/obj/23/_23.mtl" />
<AssetObject id="https://kool.website/worldfair/rt360/unpBgzW.obj" src="https://kool.website/worldfair/rt360/unpBgzW.obj" mtl="https://kool.website/worldfair/rt360/unpBgzW.mtl" />
<AssetObject id="https://kool.website/worldfair/obj/3/_3.obj" src="https://kool.website/worldfair/obj/3/_3.obj" mtl="https://kool.website/worldfair/obj/3/_3.mtl" />
<AssetObject id="https://kool.website/orbs/1/GgJFmzo.obj" src="https://kool.website/orbs/1/GgJFmzo.obj" mtl="https://kool.website/orbs/1/GgJFmzo.mtl" />
<AssetObject id="https://kool.website/nsl/obj/20/nsl_front3.obj" src="https://kool.website/nsl/obj/20/nsl_front3.obj" mtl="https://kool.website/nsl/obj/20/nsl_front3.mtl" />
<AssetObject id="https://kool.website/33c3/obj/15/wikidata.obj" src="https://kool.website/33c3/obj/15/wikidata.obj" mtl="https://kool.website/33c3/obj/15/wikidata.mtl" />
<AssetObject id="https://kool.website/33c3/obj/33/kool1.obj" src="https://kool.website/33c3/obj/33/kool1.obj" mtl="https://kool.website/33c3/obj/33/kool1.mtl" />
<AssetObject id="https://kool.website/lowpoly/trees/naturePack_151.obj" src="https://kool.website/lowpoly/trees/naturePack_151.obj" mtl="https://kool.website/lowpoly/trees/naturePack_151.mtl" />
<AssetObject id="https://kool.website/nsl/obj/06/middle.obj" src="https://kool.website/nsl/obj/06/middle.obj" mtl="https://kool.website/nsl/obj/06/middle.mtl" />
<AssetObject id="https://kool.website/33c3/obj/12/gate2.obj" src="https://kool.website/33c3/obj/12/gate2.obj" mtl="https://kool.website/33c3/obj/12/gate2.mtl" />
<AssetObject id="https://kool.website/portal/img/vapor/elwhsPv.obj" src="https://kool.website/portal/img/vapor/elwhsPv.obj" mtl="https://kool.website/portal/img/vapor/elwhsPv.mtl" />
<AssetObject id="https://kool.website/worldfair/obj/8/_8.obj" src="https://kool.website/worldfair/obj/8/_8.obj" mtl="https://kool.website/worldfair/obj/8/_8.mtl" />
<AssetObject id="https://kool.website/lowpoly/fence/naturePack_048.obj" src="https://kool.website/lowpoly/fence/naturePack_048.obj" mtl="https://kool.website/lowpoly/fence/naturePack_048.mtl" />
<AssetObject id="https://kool.website/33c3/obj/22/comfy4.obj" src="https://kool.website/33c3/obj/22/comfy4.obj" mtl="https://kool.website/33c3/obj/22/comfy4.mtl" />
<AssetObject id="https://kool.website/33c3/obj/02/flower.obj" src="https://kool.website/33c3/obj/02/flower.obj" mtl="https://kool.website/33c3/obj/02/flower.mtl" />
<AssetObject id="https://kool.website/worldfair/obj/14/_14.obj" src="https://kool.website/worldfair/obj/14/_14.obj" mtl="https://kool.website/worldfair/obj/14/_14.mtl" />
<AssetObject id="https://kool.website/worldfair/obj/17/_17.obj" src="https://kool.website/worldfair/obj/17/_17.obj" mtl="https://kool.website/worldfair/obj/17/_17.mtl" />
<AssetObject id="https://kool.website/nsl/obj/07/nslback.obj" src="https://kool.website/nsl/obj/07/nslback.obj" mtl="https://kool.website/nsl/obj/07/nslback.mtl" />
<AssetObject id="https://kool.website/33c3/obj/09/milli3.obj" src="https://kool.website/33c3/obj/09/milli3.obj" mtl="https://kool.website/33c3/obj/09/milli3.mtl" />
<AssetObject id="https://kool.website/lowpoly/camping/naturePack_078.obj" src="https://kool.website/lowpoly/camping/naturePack_078.obj" mtl="https://kool.website/lowpoly/camping/naturePack_078.mtl" />
<AssetObject id="https://kool.website/lowpoly/camping/naturePack_077.obj" src="https://kool.website/lowpoly/camping/naturePack_077.obj" mtl="https://kool.website/lowpoly/camping/naturePack_077.mtl" />
<AssetImage id="https://i.imgur.com/sALEDkq.png" src="https://i.imgur.com/sALEDkq.png" />
<AssetImage id="http://i.imgur.com/TjsxUB8.png" src="http://i.imgur.com/TjsxUB8.png" />
<AssetImage id="https://i.imgur.com/7JWhcvx.png" src="https://i.imgur.com/7JWhcvx.png" />
<AssetImage id="http://i.imgur.com/pRBsowZ.png" src="http://i.imgur.com/pRBsowZ.png" />
<AssetImage id="http://i.imgur.com/p3pD0fy.png" src="http://i.imgur.com/p3pD0fy.png" />
<AssetImage id="http://i.imgur.com/EsibECL.gif" src="http://i.imgur.com/EsibECL.gif" />
<AssetImage id="http://i.imgur.com/nNdepP2.png" src="http://i.imgur.com/nNdepP2.png" />
<AssetImage id="https://i.imgur.com/sy18gqp.png" src="https://i.imgur.com/sy18gqp.png" />
<AssetImage id="black" src="https://kool.website/sublime/img/black.gif" tex_clamp="true" />
<AssetImage id="http://i.imgur.com/47PiO5A.png" src="http://i.imgur.com/47PiO5A.png" />
<AssetImage id="https://i.imgur.com/xaehAuh.png" src="https://i.imgur.com/xaehAuh.png" />
<AssetImage id="https://i.imgur.com/YpGDCpw.png" src="https://i.imgur.com/YpGDCpw.png" />
<AssetWebSurface id="https://kool.website/matterport/" src="https://kool.website/matterport/" width="1000" height="800" />
<AssetWebSurface id="https://kool.website/lowpoly/" src="https://kool.website/lowpoly/" width="1000" height="800" />
<AssetWebSurface id="https://kool.website/orbs/1/" src="https://kool.website/orbs/1/" width="1000" height="800" />
<AssetWebSurface id="https://kool.website/DNA/hackers/" src="https://kool.website/DNA/hackers/" width="1000" height="800" />
<AssetWebSurface id="http://imgur.com/a/T3JBP" src="http://imgur.com/a/T3JBP" width="1000" height="800" />
<AssetWebSurface id="https://kool.website/worldfair/obj/" src="https://kool.website/worldfair/obj/" width="1000" height="800" />
<AssetWebSurface id="https://kool.website/portal/img/vapor/" src="https://kool.website/portal/img/vapor/" width="1000" height="800" />
<AssetWebSurface id="https://kool.website/33c3/obj/" src="https://kool.website/33c3/obj/" width="1000" height="800" />
<AssetWebSurface id="https://kool.website/ccc/img/rt360/" src="https://kool.website/ccc/img/rt360/" width="1000" height="800" />
</Assets>
<Room server="presence.janusvr.com" port="5566" use_local_asset="room_plane" visible="false" pos="0 0 -11" xdir="-1 0 0" ydir="0 1 0" zdir="0 0 -1" col="#191919" skybox_down_id="black" skybox_front_id="black" skybox_left_id="black" skybox_back_id="black" skybox_right_id="black" skybox_up_id="black">
<Object id="plane" js_id="sheik-4-1488916208" pos="0 4 14" xdir="-1 0.000007 0.000002" ydir="0.000007 1 0.000001" zdir="-0.000002 0.000001 -1" scale="2 2 2" lighting="false" cull_face="none" websurface_id="https://kool.website/33c3/obj/" />
<Object id="plane" js_id="sheik-6-1488916292" pos="-1 2 13" xdir="-0.003921 -0 0.999992" ydir="-0.003921 0.999992 -0.000015" zdir="-0.999985 -0.003921 -0.003921" scale="2 2 2" lighting="false" cull_face="none" websurface_id="https://kool.website/ccc/img/rt360/" />
<Object id="plane" js_id="sheik-7-1488916374" pos="3 4 13" xdir="-0.003921 0 -0.999992" ydir="0.003921 0.999992 -0.000015" zdir="0.999985 -0.003921 -0.003921" scale="2 2 2" lighting="false" cull_face="none" websurface_id="https://kool.website/DNA/hackers/" />
<Object id="plane" js_id="sheik-8-1488916418" pos="2 4 14" xdir="-0.999992 0 0.003921" ydir="-0.000015 0.999992 -0.003921" zdir="-0.003921 -0.003921 -0.999985" scale="2 2 2" lighting="false" cull_face="none" websurface_id="https://kool.website/orbs/1/" />
<Object id="plane" js_id="sheik-13-1488916863" pos="2 2 14" xdir="-0.999992 0 0.003921" ydir="-0.000015 0.999992 -0.003921" zdir="-0.003921 -0.003921 -0.999985" scale="2 2 2" lighting="false" cull_face="none" websurface_id="https://kool.website/worldfair/obj/" />
<Object id="plane" js_id="sheik-15-1488916963" pos="0 2 14" xdir="0.999992 -0 0.003921" ydir="-0.000015 0.999992 0.003921" zdir="-0.003921 -0.003921 0.999985" scale="2 2 2" lighting="false" cull_face="none" websurface_id="https://kool.website/portal/img/vapor/" />
<Object id="plane" js_id="sheik-17-1488917025" pos="3 2 13" xdir="-0.003921 0 -0.999992" ydir="0.003921 0.999992 -0.000015" zdir="0.999985 -0.003921 -0.003921" scale="2 2 2" lighting="false" cull_face="none" websurface_id="https://kool.website/matterport/" />
<Object id="plane" js_id="sheik-18-1488917071" pos="-1 4 13" xdir="-0.000001 0 -1" zdir="1 0 -0.000001" scale="2 2 2" lighting="false" cull_face="none" websurface_id="https://kool.website/lowpoly/" />
<Object id="https://kool.website/nsl/obj/09/nsl_couch.obj" js_id="EarlyQuintin152-2-1490414000" pos="-3 0.1 0.8" ydir="0 1 0.000001" zdir="0 -0.000001 1" lighting="false" collision_id="https://kool.website/nsl/obj/09/nsl_couch.obj" />
<Object id="https://kool.website/33c3/obj/22/comfy4.obj" js_id="EarlyQuintin152-5-1490414232" pos="-6 -0.1 5" xdir="1 0.000004 0.000001" ydir="-0.000004 1 -0" zdir="-0.000001 0 1" lighting="false" />
<Object id="https://kool.website/33c3/obj/12/gate2.obj" js_id="EarlyQuintin152-6-1490414251" pos="-2 -0.8 10" xdir="1 -0.000002 0" ydir="0.000002 1 0" lighting="false" cull_face="none" />
<Object id="https://kool.website/nsl/obj/06/middle.obj" js_id="EarlyQuintin152-7-1490414381" pos="5.7 0 5" xdir="-1 0 0.000002" ydir="0 1 -0.000001" zdir="-0.000002 -0.000001 -1" lighting="false" cull_face="none" />
<Object id="https://kool.website/33c3/obj/15/wikidata.obj" js_id="EarlyQuintin152-8-1490414528" pos="8.599999 0 -4" xdir="-0.999993 0.003921 0.000003" ydir="0.003921 0.999985 -0.003923" zdir="-0.000018 -0.003923 -0.999992" lighting="false" cull_face="none" />
<Object id="plane" js_id="EarlyQuintin152-13-1490415056" pos="7 1.3 -6" xdir="0 -0.000127 1" ydir="0 1 0.000127" zdir="-1 0 0" scale="1 1.4801 1" lighting="false" cull_face="none" image_id="https://i.imgur.com/xaehAuh.png" />
<Object id="plane" js_id="EarlyQuintin152-14-1490415073" pos="-6.9 0.6 3.5" xdir="-0.707106 0 0.707107" zdir="-0.707107 0 -0.707106" scale="0.7 1 1" lighting="false" cull_face="none" image_id="https://i.imgur.com/7JWhcvx.png" />
<Object id="plane" js_id="EarlyQuintin152-15-1490415083" pos="-6 1.1 -0.2" xdir="-0.980256 0.000001 -0.197734" ydir="0.036782 0.982547 -0.182342" zdir="0.194283 -0.186015 -0.963147" scale="0.7 1.2 1" lighting="false" cull_face="none" image_id="https://i.imgur.com/YpGDCpw.png" />
<Object id="plane" js_id="EarlyQuintin152-16-1490415092" pos="6.7 1 -3" xdir="0 -0.000001 -1" ydir="0 1 -0.000001" zdir="1 0 0" scale="0.8 1.4 1" lighting="false" cull_face="none" image_id="https://i.imgur.com/sALEDkq.png" />
<Object id="plane" js_id="EarlyQuintin152-17-1490415096" pos="1.5 1.3 -2.1" xdir="0.965926 0 -0.258819" zdir="0.258819 0 0.965926" scale="0.8 1.5 1" lighting="false" cull_face="none" image_id="https://i.imgur.com/sy18gqp.png" />
<Object id="https://kool.website/worldfair/obj/3/_3.obj" js_id="EarlyQuintin152-19-1490415427" pos="0.3 0.1 -3.2" xdir="-1 0 0.000002" ydir="0 1 -0.000001" zdir="-0.000002 -0.000001 -1" lighting="false" cull_face="none" />
<Object id="https://kool.website/33c3/obj/12/gate2.obj" js_id="EarlyQuintin152-20-1490415989" pos="0 -1 -9" xdir="-1 -0.000001 0.000003" ydir="-0.000001 1 0" zdir="-0.000003 0 -1" lighting="false" cull_face="none" collision_id="https://kool.website/33c3/obj/12/gate2.obj" />
<Object id="https://kool.website/lowpoly/trees/naturePack_151.obj" js_id="EarlyQuintin152-27-1490416303" pos="-11.200001 -0.2 12" xdir="0 0.000001 1" ydir="0 1 -0.000001" zdir="-1 0 0" lighting="false" collision_id="https://kool.website/lowpoly/trees/naturePack_151.obj" />
<Object id="https://kool.website/lowpoly/trees/naturePack_151.obj" js_id="EarlyQuintin152-28-1490416324" pos="9 -0.1 11" xdir="-1 0 0" zdir="0 0 -1" lighting="false" collision_id="https://kool.website/lowpoly/trees/naturePack_151.obj" />
<Object id="https://kool.website/lowpoly/trees/naturePack_151.obj" js_id="EarlyQuintin152-29-1490416333" pos="-9.400001 -0.5 19.700001" xdir="-1 0 0" ydir="0 1 -0.000001" zdir="0 -0.000001 -1" lighting="false" collision_id="https://kool.website/lowpoly/trees/naturePack_151.obj" />
<Object id="https://kool.website/lowpoly/trees/naturePack_151.obj" js_id="EarlyQuintin152-30-1490416339" pos="7 0 27" xdir="0 0 -1" zdir="1 0 0" lighting="false" collision_id="https://kool.website/lowpoly/trees/naturePack_151.obj" />
<Object id="plane" js_id="EarlyQuintin152-32-1490417078" pos="-9.6 1.8 6.4" xdir="-0.000001 -0.000008 -1" ydir="0.000001 1 -0.000008" zdir="1 -0.000001 -0.000001" scale="1.3 1 2" lighting="false" cull_face="none" image_id="http://i.imgur.com/EsibECL.gif" />
<Object id="plane" js_id="EarlyQuintin152-33-1490417267" pos="-1 0.1 19" xdir="0 -0.000001 1" ydir="1 0 0" zdir="0 1 0.000001" scale="19 38 2" col="#e1ffd7" collision_id="plane" />
<Object id="plane" js_id="EarlyQuintin152-35-1490417374" pos="-2 0 0.1" xdir="0.000004 -0 1" ydir="1 -0.000001 -0.000004" zdir="0.000001 1 0" scale="18 30 3" col="#ebe3ff" collision_id="plane" />
<Object id="https://kool.website/portal/img/vapor/elwhsPv.obj" js_id="EarlyQuintin152-36-1490417677" pos="4.1 0.8 4.8" xdir="-1 0 0" ydir="0 1 -0.000002" zdir="0 -0.000002 -1" scale="0.2 0.2 1" lighting="false" cull_face="none" />
<Object id="https://kool.website/33c3/obj/09/milli3.obj" js_id="EarlyQuintin152-38-1490417760" pos="-12.400001 0 16.6" xdir="-0.965926 0.000001 -0.258818" ydir="0.000001 1 0" zdir="0.258818 0 -0.965926" lighting="false" cull_face="none" />
<Object id="plane" js_id="EarlyQuintin152-41-1490418455" pos="-9.3 1 13.5" xdir="-0.003984 0 -0.999992" ydir="-0.168853 0.985641 0.000673" zdir="0.985633 0.168854 -0.003927" scale="1 1.843284 1" lighting="false" cull_face="none" image_id="http://i.imgur.com/TjsxUB8.png" />
<Object id="plane" js_id="EarlyQuintin152-42-1490418500" pos="0.7 3.3 15.3" xdir="-0.999992 -0 0.003921" ydir="0.000015 0.999992 0.003922" zdir="-0.003921 0.003922 -0.999985" lighting="false" cull_face="none" websurface_id="http://imgur.com/a/T3JBP" />
<Object id="plane" js_id="EarlyQuintin152-43-1490418513" pos="-6.6 0.9 0" xdir="-1 -0 -0.000001" ydir="0 0.965926 -0.258819" zdir="0.000001 -0.258819 -0.965926" scale="0.7 1.6 1" lighting="false" cull_face="none" image_id="http://i.imgur.com/p3pD0fy.png" />
<Object id="plane" js_id="EarlyQuintin152-44-1490418517" pos="2 0 18" xdir="-0.99992 0.003969 -0.012034" ydir="-0.012049 -0.003874 0.99992" zdir="0.003922 0.999985 0.003922" scale="1 1.363436 1" lighting="false" cull_face="none" image_id="http://i.imgur.com/pRBsowZ.png" />
<Object id="plane" js_id="EarlyQuintin152-45-1490418521" pos="4.8 0.9 5" xdir="-0.866025 0 -0.5" zdir="0.5 0 -0.866025" scale="0.6 0.9 1" lighting="false" cull_face="none" image_id="http://i.imgur.com/nNdepP2.png" />
<Object id="plane" js_id="EarlyQuintin152-46-1490418526" pos="7 1 -5" xdir="0.011791 0.058237 0.998233" ydir="0.262368 0.963145 -0.059289" zdir="-0.964896 0.262604 -0.003923" scale="1 1.474576 1" lighting="false" cull_face="none" image_id="http://i.imgur.com/47PiO5A.png" />
<Object id="https://kool.website/lowpoly/camping/naturePack_077.obj" js_id="EarlyQuintin152-48-1490418565" pos="-5 0.1 22.800001" xdir="0.015316 0.003862 -0.999876" ydir="0.003921 0.999985 0.003922" zdir="0.999875 -0.003981 0.015301" lighting="false" />
<Object id="https://kool.website/lowpoly/camping/naturePack_078.obj" js_id="EarlyQuintin152-49-1490418579" pos="-5.3 0.2 21.700001" xdir="-0.712363 0.005546 -0.701789" ydir="0.003922 0.999985 0.003922" zdir="0.7018 0.000041 -0.712374" lighting="false" />
<Object id="https://kool.website/lowpoly/trees/naturePack_138.obj" js_id="EarlyQuintin152-50-1490418589" pos="-7 0.1 23.1" xdir="-0.117694 0.004356 -0.993041" ydir="0.003922 0.999985 0.003922" zdir="0.993042 -0.003433 -0.117709" lighting="false" />
<Object id="https://kool.website/33c3/obj/12/gate2.obj" js_id="EarlyQuintin152-52-1490418940" pos="-9 -1 2" xdir="0.000001 0.000001 -1" ydir="0.000001 1 0.000001" zdir="1 -0.000001 0.000001" lighting="false" cull_face="none" collision_id="https://kool.website/33c3/obj/12/gate2.obj" />
<Object id="https://kool.website/33c3/obj/12/gate2.obj" js_id="EarlyQuintin152-54-1490418999" pos="8.700001 -1 -0.9" xdir="0.000006 -0.000001 1" ydir="-0.000001 1 0.000001" zdir="-1 -0.000001 0.000006" lighting="false" cull_face="none" collision_id="https://kool.website/33c3/obj/12/gate2.obj" />
<Object id="https://kool.website/worldfair/obj/17/_17.obj" js_id="EarlyQuintin152-56-1490419163" pos="-0.2 0 11.3" xdir="0.000002 0.000005 1" ydir="-0 1 -0.000005" zdir="-1 0 0.000002" lighting="false" cull_face="none" />
<Link js_id="EarlyQuintin152-https://kool.website/33c3/obj/03/flower2.obj" pos="-4 1 -8" xdir="0.993568 0 0.113235" zdir="-0.113235 0 0.993568" scale="1.8 2.5 1" col="#c08040" url="https://kool.website/33c3/obj/03/flower2.obj" title="https://kool.website/33c3/obj/03/flower2.obj" />
<Link js_id="EarlyQuintin152-http://i.imgur.com/TjsxUB8.png" pos="1 2.8 15.500001" xdir="-0.982076 0 -0.188486" zdir="0.188486 0 -0.982076" scale="1.8 2.5 1" col="#c0c040" url="http://i.imgur.com/TjsxUB8.png" title="http://i.imgur.com/TjsxUB8.png" />
<Link js_id="EarlyQuintin152-https://kool.website/home/house/house.obj" pos="14 2 13" xdir="-0.248773 0 0.968562" zdir="-0.968562 0 -0.248773" scale="1.8 2.5 1" col="#80c040" url="https://kool.website/home/house/house.obj" title="https://kool.website/home/house/house.obj" />
</Room>
</FireBoxRoom>
</body>
</html>